17371  293  14688
17371  317  15893
17468  8  428
17406  96  4813
17240  312  15610
17333  19  993
17361  15  775
17683  236  11840
17165  93  4661
17683  21  1097
17651  23  1193
17237  271  13568
17237  320  16017
17653  13  656
17371  323  16171
17360  76  3808
17343  43  2155
17630  129  6472
17116  92  4630
17218  41  2099
17655  265  13277
17240  35  1774
17655  113  5691
17365  52  2624
17365  63  3156
17661  53  2697
17667  103  5169
17360  51  2569
17323  21  1096
17287  16  808
17662  20  1031
17543  14  716
17400  38  1924
17114  99  4988
17655  92  4625
17344  68  3437
