15146  80  4020
17235  54  2709
17162  169  8485
17357  49  2453
17271  187  9351
17524  166  8322
17208  216  10849
17122  59  2988
17122  100  5002
17122  141  7090
17198  79  3994
17352  310  15544
17137  46  2302
17279  25  1273
17240  391  19577
17413  339  16960
17413  340  17010
15140  162  8124
17245  47  2358
17245  72  3631
17198  24  1206
17198  56  2807
17198  59  2971
15111  85  4296
17489  100  5027
17194  37  1886
17194  37  1891
15045  2  144
15045  6  334
17530  137  6895
17219  87  4361
15014  100  5025
17280  57  2887
17451  32  1644
17358  24  1210
17237  180  9050
17237  255  12774
15111  295  14781
17415  13  692
17415  34  1748
17415  285  14261
17415  285  14288
15122  158  7905
17322  8  448
17322  24  1217
17469  14  709
17371  340  17033
17535  82  4121
