17655  347  17366
17655  104  5246
17653  0  44
17397  5  270
17397  93  4699
17415  106  5319
17666  84  4226
17666  145  7252
17228  31  1598
17648  6  306
17648  6  320
17648  54  2739
17661  29  1465
17661  50  2533
17630  4  234
17312  233  11666
17312  233  11690
17152  124  6201
17447  113  5683
17447  129  6455
17650  19  974
17650  21  1055
17132  312  15649
17353  25  1264
17324  1  56
17324  1  63
17324  20  1011
17683  198  9915
17367  10  501
17367  10  521
17481  5  262
17237  414  20728
17662  153  7667
17352  316  15816
17073  130  6527
17237  209  10496
17434  49  2473
17341  74  3702
17341  120  6008

