17116  58  2912
17664  100  5008
17372  43  2184
17057  135  6795
17460  23  1174
17413  149  7477
17662  46  2344
17237  141  7067
17413  132  6611
17367  119  5978
17367  144  7231
17206  7  383
17389  12  625
17389  14  728
17410  33  1696
17658  5  257
17287  81  4092
17646  61  3071
17206  80  4022
17418  33  1663
17371  67  3387
17248  343  17187
17333  49  2489
17373  8  418
17373  55  2792
17683  52  2626
17240  261  13056
17569  15  790
17644  30  1514
17644  40  2002
17206  176  8846
17683  73  3653
17666  156  7808
17206  266  13335
17132  406  20344
17686  3  157
17686  52  2649
17383  107  5399
17407  41  2055
17407  128  640