17111  123  6157
17111  123  6159
17111  149  7451
17111  149  7474
17111  149  7477
17365  1  84
17365  5  300
17365  27  1387
17365  72  3613
17365  101  5070
17365  101  5100
17365  106  5349
17667  30  1543
17667  36  1820
17667  36  1843
17667  156  7815
17667  156  7837
17667  176  8830
17667  176  8832
17667  184  9209
17667  184  9225
17111  112  5611
17111  185  9259
17111  225  11284
17408  13  664
17408  13  665
17408  13  685
17408  15  763
17408  78  3905
17408  78  3922
17400  15  788
17400  15  789
17400  39  1963
17400  49  2459
17400  62  3133
17152  12  604
17152  12  612
17152  56  2849
17243  92  4620
17365  93  4659
17365  93  4697
17365  107  5378
17365  107  5395
17683  96  4843
17683  105  5265
17683  105  5277
17683  105  5295
17683  182  9120
17631  20  1016
17631  51  2596