17248  113  5671
17248  113  5685
17661  13  687
17655  219  10974
17099  29  1490
17356  35  1776
17356  13  658
17356  159  7973
17324  67  3400
17324  84  4209
17324  107  5383
17413  224  11216
17409  30  1501
17409  30  1531
17655  75  3775
17358  5  285
17668  40  2020
17668  68  3422
17448  64  3243
17448  95  4754
17448  147  7394
17448  194  9727
17240  33  1682
17240  89  4488
17658  10  520
17248  108  5442
17410  7  357
17410  14  749
17410  58  2917
17373  5  293
17165  1  60
17630  69  3479
17630  143  7200
17237  175  8779
17237  210  10546
17631  61  3065
17648  23  1196
17394  192  9630
17394  209  10483
17387  26  1318
17387  29  1490
17631  21  1075
17651  45  2285
17383  50  2517
17383  380  19009
17667  8  401
17667  8  441
17447  3  160
17447  57  2863
17447  57  2886
17447  134  6709
17447  134  6710
17365  108  5431
17365  108  5447
17634  8  415
17634  14  724
17662  30  1547
17662  109  5496
17383  325  16279
17383  325  16291
17383  402  20101
17400  188  9417
17400  188  9423